Sample	SE mapped uniquely	SE multimapped	SE not aligned
PASA_bowtie2_Female_C12_RT_1	5940725.0	8166352.0	6809649.0
PASA_bowtie2_Female_C12_RT_2	8844759.0	12187808.0	9489552.0
PASA_bowtie2_Female_C12_RT_3	8620136.0	11469440.0	10313158.0
PASA_bowtie2_Female_C3_RT_1	5835963.0	8023170.0	7591968.0
PASA_bowtie2_Female_C3_RT_2	6727460.0	9316580.0	8418570.0
PASA_bowtie2_Female_C3_RT_3	7188063.0	10001402.0	9189484.0
PASA_bowtie2_Female_C6_H_1	16283263.0	27616857.0	10564433.0
PASA_bowtie2_Female_C6_H_2	6446196.0	10832332.0	4594927.0
PASA_bowtie2_Female_C6_OV_1	17052179.0	26894182.0	9647781.0
PASA_bowtie2_Female_C6_OV_2	15951429.0	24817436.0	8941590.0
PASA_bowtie2_Female_C6_RT_1	8869120.0	12384645.0	10972541.0
PASA_bowtie2_Female_C6_RT_2	10306833.0	13996211.0	13435729.0
PASA_bowtie2_Female_C6_RT_3	6402566.0	8887403.0	8240065.0
PASA_bowtie2_Female_H12_RT_1	14687662.0	20150345.0	13393467.0
PASA_bowtie2_Female_H12_RT_2	15858698.0	22218024.0	14713066.0
PASA_bowtie2_Female_H12_RT_3	13367654.0	17954085.0	17696132.0
PASA_bowtie2_Female_H3_RT_1	16012205.0	22345488.0	16072166.0
PASA_bowtie2_Female_H3_RT_2	8050307.0	11442828.0	8383615.0
PASA_bowtie2_Female_H3_RT_3	14606945.0	21144331.0	13518347.0
PASA_bowtie2_Female_H6_H_1	6481636.0	11205462.0	3745259.0
PASA_bowtie2_Female_H6_H_2	7013522.0	11992604.0	4073827.0
PASA_bowtie2_Female_H6_OV_1	7016876.0	11209902.0	3608536.0
PASA_bowtie2_Female_H6_OV_2	7282533.0	11655510.0	3562161.0
PASA_bowtie2_Female_H6_RT_1	18688209.0	26108129.0	18664805.0
PASA_bowtie2_Female_H6_RT_2	19518820.0	27495168.0	19365341.0
PASA_bowtie2_Female_H6_RT_3	9002985.0	12440609.0	8235631.0
PASA_bowtie2_Female_V_CR_1	6664696.0	13044365.0	3866487.0
PASA_bowtie2_Female_V_CR_2	6909714.0	12661609.0	3879378.0
PASA_bowtie2_Female_V_H_1	8130875.0	14370163.0	6946749.0
PASA_bowtie2_Female_V_H_2	5971114.0	10279182.0	5601834.0
PASA_bowtie2_Female_V_OV_1	7136787.0	11316144.0	3735306.0
PASA_bowtie2_Female_V_OV_2	7263647.0	11680320.0	4020156.0
PASA_bowtie2_Female_V_RT_1	12361414.0	17457243.0	12186756.0
PASA_bowtie2_Female_V_RT_2	10652608.0	15069282.0	11028955.0
PASA_bowtie2_Female_V_RT_3	15464212.0	21764980.0	14310796.0
PASA_bowtie2_Male_AG_2	8010828.0	33023918.0	6120604.0
PASA_bowtie2_Male_AG_3	6649441.0	28509186.0	2339808.0
PASA_bowtie2_Male_CR_2	6926703.0	12130787.0	2122584.0
PASA_bowtie2_Male_CR_3	5715282.0	12079076.0	2857318.0
PASA_bowtie2_Male_EB_1	18506010.0	13072608.0	21906110.0
PASA_bowtie2_Male_EB_2	8101353.0	7753986.0	9133187.0
PASA_bowtie2_Male_TS_2	11148416.0	18774749.0	1632862.0
PASA_bowtie2_Male_TS_3	11470140.0	19707067.0	1748234.0
annotated_bowtie2_Female_C12_RT_1	8735111.0	5543471.0	6638144.0
annotated_bowtie2_Female_C12_RT_2	13255086.0	8081798.0	9185235.0
annotated_bowtie2_Female_C12_RT_3	13577790.0	7308231.0	9516713.0
annotated_bowtie2_Female_C3_RT_1	8917021.0	5293545.0	7240535.0
annotated_bowtie2_Female_C3_RT_2	10150912.0	6467792.0	7843906.0
annotated_bowtie2_Female_C3_RT_3	10746201.0	6913952.0	8718796.0
annotated_bowtie2_Female_C6_H_1	26077128.0	13969394.0	14418031.0
annotated_bowtie2_Female_C6_H_2	10328856.0	5490995.0	6053604.0
annotated_bowtie2_Female_C6_OV_1	32197575.0	12176493.0	9220074.0
annotated_bowtie2_Female_C6_OV_2	29700207.0	11508754.0	8501494.0
annotated_bowtie2_Female_C6_RT_1	13831121.0	8108914.0	10286271.0
annotated_bowtie2_Female_C6_RT_2	16273393.0	9469220.0	11996160.0
annotated_bowtie2_Female_C6_RT_3	10271923.0	6324355.0	6933756.0
annotated_bowtie2_Female_H12_RT_1	22016855.0	13157657.0	13056962.0
annotated_bowtie2_Female_H12_RT_2	23978982.0	14700575.0	14110231.0
annotated_bowtie2_Female_H12_RT_3	21647296.0	12506949.0	14863626.0
annotated_bowtie2_Female_H3_RT_1	24377078.0	14253250.0	15799531.0
annotated_bowtie2_Female_H3_RT_2	11995551.0	7642299.0	8238900.0
annotated_bowtie2_Female_H3_RT_3	21524771.0	13816362.0	13928490.0
annotated_bowtie2_Female_H6_H_1	10369581.0	5642744.0	5420032.0
annotated_bowtie2_Female_H6_H_2	11733023.0	5982505.0	5364425.0
annotated_bowtie2_Female_H6_OV_1	12542609.0	5624969.0	3667736.0
annotated_bowtie2_Female_H6_OV_2	13720334.0	5207367.0	3572503.0
annotated_bowtie2_Female_H6_RT_1	28147403.0	17209676.0	18104064.0
annotated_bowtie2_Female_H6_RT_2	29274775.0	18151448.0	18953106.0
annotated_bowtie2_Female_H6_RT_3	13694170.0	7968369.0	8016686.0
annotated_bowtie2_Female_V_CR_1	11853088.0	6447602.0	5274858.0
annotated_bowtie2_Female_V_CR_2	11965075.0	6248360.0	5237266.0
annotated_bowtie2_Female_V_H_1	13251492.0	7365459.0	8830836.0
annotated_bowtie2_Female_V_H_2	9727078.0	5465323.0	6659729.0
annotated_bowtie2_Female_V_OV_1	13126776.0	5339985.0	3721476.0
annotated_bowtie2_Female_V_OV_2	12850063.0	5784912.0	4329148.0
annotated_bowtie2_Female_V_RT_1	18324784.0	11204884.0	12475745.0
annotated_bowtie2_Female_V_RT_2	15288448.0	10067842.0	11394555.0
annotated_bowtie2_Female_V_RT_3	22897018.0	13987370.0	14655600.0
annotated_bowtie2_Male_AG_2	20855523.0	4830853.0	21468974.0
annotated_bowtie2_Male_AG_3	20208144.0	4454878.0	12835413.0
annotated_bowtie2_Male_CR_2	8843556.0	3834449.0	8502069.0
annotated_bowtie2_Male_CR_3	8390534.0	4599692.0	7661450.0
annotated_bowtie2_Male_EB_1	32022860.0	8194653.0	13267215.0
annotated_bowtie2_Male_EB_2	13662404.0	3855776.0	7470346.0
annotated_bowtie2_Male_TS_2	18115116.0	7296717.0	6144194.0
annotated_bowtie2_Male_TS_3	18613515.0	8055371.0	6256555.0
hisat2_Female_C12_RT_1	18950064.0	455981.0	1510681.0
hisat2_Female_C12_RT_2	27757089.0	651461.0	2113569.0
hisat2_Female_C12_RT_3	27691973.0	1036341.0	1674420.0
hisat2_Female_C3_RT_1	19317652.0	773031.0	1360418.0
hisat2_Female_C3_RT_2	22134283.0	824383.0	1503944.0
hisat2_Female_C3_RT_3	23802791.0	902028.0	1674130.0
hisat2_Female_C6_H_1	49980239.0	1550274.0	2934040.0
hisat2_Female_C6_H_2	19923023.0	614911.0	1335521.0
hisat2_Female_C6_OV_1	51081131.0	926591.0	1586420.0
hisat2_Female_C6_OV_2	47414719.0	875712.0	1420024.0
hisat2_Female_C6_RT_1	28969765.0	1120493.0	2136048.0
hisat2_Female_C6_RT_2	34121607.0	1232253.0	2384913.0
hisat2_Female_C6_RT_3	21559446.0	445480.0	1525108.0
hisat2_Female_H12_RT_1	44377411.0	1542243.0	2311820.0
hisat2_Female_H12_RT_2	48577083.0	1742302.0	2470403.0
hisat2_Female_H12_RT_3	44726912.0	1637635.0	2653324.0
hisat2_Female_H3_RT_1	49652296.0	1938973.0	2838590.0
hisat2_Female_H3_RT_2	25492506.0	930641.0	1453603.0
hisat2_Female_H3_RT_3	44590986.0	2052519.0	2626118.0
hisat2_Female_H6_H_1	19651288.0	687602.0	1093467.0
hisat2_Female_H6_H_2	21208280.0	755503.0	1116170.0
hisat2_Female_H6_OV_1	20918641.0	311349.0	605324.0
hisat2_Female_H6_OV_2	21474283.0	417998.0	607923.0
hisat2_Female_H6_RT_1	58143538.0	2097609.0	3219996.0
hisat2_Female_H6_RT_2	60792812.0	2325622.0	3260895.0
hisat2_Female_H6_RT_3	27178340.0	1080072.0	1420813.0
hisat2_Female_V_CR_1	21372683.0	1088890.0	1113975.0
hisat2_Female_V_CR_2	21205295.0	1223328.0	1022078.0
hisat2_Female_V_H_1	26538720.0	1012324.0	1896743.0
hisat2_Female_V_H_2	19806046.0	633207.0	1412877.0
hisat2_Female_V_OV_1	21144192.0	424266.0	619779.0
hisat2_Female_V_OV_2	21869237.0	403780.0	691106.0
hisat2_Female_V_RT_1	38217982.0	1547201.0	2240230.0
hisat2_Female_V_RT_2	33401801.0	1409267.0	1939777.0
hisat2_Female_V_RT_3	46765656.0	1991077.0	2783255.0
hisat2_Male_AG_2	34413758.0	2335320.0	10406272.0
hisat2_Male_AG_3	30893316.0	1499880.0	5105239.0
hisat2_Male_CR_2	14738481.0	3399928.0	3041665.0
hisat2_Male_CR_3	14832768.0	1585341.0	4233567.0
hisat2_Male_EB_1	44183598.0	2256229.0	7044901.0
hisat2_Male_EB_2	19565106.0	608675.0	4814745.0
hisat2_Male_TS_2	28655683.0	858218.0	2042126.0
hisat2_Male_TS_3	29912303.0	715488.0	2297650.0
