Sample	total_reads	unpaired_total	unpaired_aligned_none	unpaired_aligned_one	unpaired_aligned_multi	overall_alignment_rate	paired_total	paired_aligned_none	paired_aligned_one	paired_aligned_multi	paired_aligned_discord_one	paired_aligned_mate_none	paired_aligned_mate_one	paired_aligned_mate_multi	paired_aligned_mate_multi_halved	paired_aligned_mate_none_halved	paired_aligned_mate_one_halved
PASA_bowtie2_Female_C12_RT_1	20916726	20916726	6809649	5940725	8166352	67.44											
PASA_bowtie2_Female_C12_RT_2	30522119	30522119	9489552	8844759	12187808	68.91											
PASA_bowtie2_Female_C12_RT_3	30402734	30402734	10313158	8620136	11469440	66.08											
PASA_bowtie2_Female_C3_RT_1	21451101	21451101	7591968	5835963	8023170	64.61											
PASA_bowtie2_Female_C3_RT_2	24462610	24462610	8418570	6727460	9316580	65.59											
PASA_bowtie2_Female_C3_RT_3	26378949	26378949	9189484	7188063	10001402	65.16											
PASA_bowtie2_Female_C6_H_1	54464553	54464553	10564433	16283263	27616857	80.6											
PASA_bowtie2_Female_C6_H_2	21873455	21873455	4594927	6446196	10832332	78.99											
PASA_bowtie2_Female_C6_OV_1	53594142	53594142	9647781	17052179	26894182	82.0											
PASA_bowtie2_Female_C6_OV_2	49710455	49710455	8941590	15951429	24817436	82.01											
PASA_bowtie2_Female_C6_RT_1	32226306	32226306	10972541	8869120	12384645	65.95											
PASA_bowtie2_Female_C6_RT_2	37738773	37738773	13435729	10306833	13996211	64.4											
PASA_bowtie2_Female_C6_RT_3	23530034	23530034	8240065	6402566	8887403	64.98											
PASA_bowtie2_Female_H12_RT_1	48231474	48231474	13393467	14687662	20150345	72.23											
PASA_bowtie2_Female_H12_RT_2	52789788	52789788	14713066	15858698	22218024	72.13											
PASA_bowtie2_Female_H12_RT_3	49017871	49017871	17696132	13367654	17954085	63.9											
PASA_bowtie2_Female_H3_RT_1	54429859	54429859	16072166	16012205	22345488	70.47											
PASA_bowtie2_Female_H3_RT_2	27876750	27876750	8383615	8050307	11442828	69.93											
PASA_bowtie2_Female_H3_RT_3	49269623	49269623	13518347	14606945	21144331	72.56											
PASA_bowtie2_Female_H6_H_1	21432357	21432357	3745259	6481636	11205462	82.53											
PASA_bowtie2_Female_H6_H_2	23079953	23079953	4073827	7013522	11992604	82.35											
PASA_bowtie2_Female_H6_OV_1	21835314	21835314	3608536	7016876	11209902	83.47											
PASA_bowtie2_Female_H6_OV_2	22500204	22500204	3562161	7282533	11655510	84.17											
PASA_bowtie2_Female_H6_RT_1	63461143	63461143	18664805	18688209	26108129	70.59											
PASA_bowtie2_Female_H6_RT_2	66379329	66379329	19365341	19518820	27495168	70.83											
PASA_bowtie2_Female_H6_RT_3	29679225	29679225	8235631	9002985	12440609	72.25											
PASA_bowtie2_Female_V_CR_1	23575548	23575548	3866487	6664696	13044365	83.6											
PASA_bowtie2_Female_V_CR_2	23450701	23450701	3879378	6909714	12661609	83.46											
PASA_bowtie2_Female_V_H_1	29447787	29447787	6946749	8130875	14370163	76.41											
PASA_bowtie2_Female_V_H_2	21852130	21852130	5601834	5971114	10279182	74.36											
PASA_bowtie2_Female_V_OV_1	22188237	22188237	3735306	7136787	11316144	83.17											
PASA_bowtie2_Female_V_OV_2	22964123	22964123	4020156	7263647	11680320	82.49											
PASA_bowtie2_Female_V_RT_1	42005413	42005413	12186756	12361414	17457243	70.99											
PASA_bowtie2_Female_V_RT_2	36750845	36750845	11028955	10652608	15069282	69.99											
PASA_bowtie2_Female_V_RT_3	51539988	51539988	14310796	15464212	21764980	72.23											
PASA_bowtie2_Male_AG_1	16172581					86.68	16172581	2154043	3829093	10189445							
PASA_bowtie2_Male_AG_2	47155350	47155350	6120604	8010828	33023918	87.02											
PASA_bowtie2_Male_AG_3	37498435	37498435	2339808	6649441	28509186	93.76											
PASA_bowtie2_Male_CR_1	15133571					88.61	15133571	1723213	5314414	8095944							
PASA_bowtie2_Male_CR_2	21180074	21180074	2122584	6926703	12130787	89.98											
PASA_bowtie2_Male_CR_3	20651676	20651676	2857318	5715282	12079076	86.16											
PASA_bowtie2_Male_EB_1	53484728	53484728	21906110	18506010	13072608	59.04											
PASA_bowtie2_Male_EB_2	24988526	24988526	9133187	8101353	7753986	63.45											
PASA_bowtie2_Male_TS_1	26854579					86.93	26854579	3509548	9034950	14310081							
PASA_bowtie2_Male_TS_2	31556027	31556027	1632862	11148416	18774749	94.83											
PASA_bowtie2_Male_TS_3	32925441	32925441	1748234	11470140	19707067	94.69											
annotated_bowtie2_Female_C12_RT_1	20916726	20916726	6638144	8735111	5543471	68.26											
annotated_bowtie2_Female_C12_RT_2	30522119	30522119	9185235	13255086	8081798	69.91											
annotated_bowtie2_Female_C12_RT_3	30402734	30402734	9516713	13577790	7308231	68.7											
annotated_bowtie2_Female_C3_RT_1	21451101	21451101	7240535	8917021	5293545	66.25											
annotated_bowtie2_Female_C3_RT_2	24462610	24462610	7843906	10150912	6467792	67.94											
annotated_bowtie2_Female_C3_RT_3	26378949	26378949	8718796	10746201	6913952	66.95											
annotated_bowtie2_Female_C6_H_1	54464553	54464553	14418031	26077128	13969394	73.53											
annotated_bowtie2_Female_C6_H_2	21873455	21873455	6053604	10328856	5490995	72.32											
annotated_bowtie2_Female_C6_OV_1	53594142	53594142	9220074	32197575	12176493	82.8											
annotated_bowtie2_Female_C6_OV_2	49710455	49710455	8501494	29700207	11508754	82.9											
annotated_bowtie2_Female_C6_RT_1	32226306	32226306	10286271	13831121	8108914	68.08											
annotated_bowtie2_Female_C6_RT_2	37738773	37738773	11996160	16273393	9469220	68.21											
annotated_bowtie2_Female_C6_RT_3	23530034	23530034	6933756	10271923	6324355	70.53											
annotated_bowtie2_Female_H12_RT_1	48231474	48231474	13056962	22016855	13157657	72.93											
annotated_bowtie2_Female_H12_RT_2	52789788	52789788	14110231	23978982	14700575	73.27											
annotated_bowtie2_Female_H12_RT_3	49017871	49017871	14863626	21647296	12506949	69.68											
annotated_bowtie2_Female_H3_RT_1	54429859	54429859	15799531	24377078	14253250	70.97											
annotated_bowtie2_Female_H3_RT_2	27876750	27876750	8238900	11995551	7642299	70.45											
annotated_bowtie2_Female_H3_RT_3	49269623	49269623	13928490	21524771	13816362	71.73											
annotated_bowtie2_Female_H6_H_1	21432357	21432357	5420032	10369581	5642744	74.71											
annotated_bowtie2_Female_H6_H_2	23079953	23079953	5364425	11733023	5982505	76.76											
annotated_bowtie2_Female_H6_OV_1	21835314	21835314	3667736	12542609	5624969	83.2											
annotated_bowtie2_Female_H6_OV_2	22500204	22500204	3572503	13720334	5207367	84.12											
annotated_bowtie2_Female_H6_RT_1	63461143	63461143	18104064	28147403	17209676	71.47											
annotated_bowtie2_Female_H6_RT_2	66379329	66379329	18953106	29274775	18151448	71.45											
annotated_bowtie2_Female_H6_RT_3	29679225	29679225	8016686	13694170	7968369	72.99											
annotated_bowtie2_Female_V_CR_1	23575548	23575548	5274858	11853088	6447602	77.63											
annotated_bowtie2_Female_V_CR_2	23450701	23450701	5237266	11965075	6248360	77.67											
annotated_bowtie2_Female_V_H_1	29447787	29447787	8830836	13251492	7365459	70.01											
annotated_bowtie2_Female_V_H_2	21852130	21852130	6659729	9727078	5465323	69.52											
annotated_bowtie2_Female_V_OV_1	22188237	22188237	3721476	13126776	5339985	83.23											
annotated_bowtie2_Female_V_OV_2	22964123	22964123	4329148	12850063	5784912	81.15											
annotated_bowtie2_Female_V_RT_1	42005413	42005413	12475745	18324784	11204884	70.3											
annotated_bowtie2_Female_V_RT_2	36750845	36750845	11394555	15288448	10067842	69.0											
annotated_bowtie2_Female_V_RT_3	51539988	51539988	14655600	22897018	13987370	71.56											
annotated_bowtie2_Male_AG_1	16172581					52.69	16172581	7650577	6361233	2160771							
annotated_bowtie2_Male_AG_2	47155350	47155350	21468974	20855523	4830853	54.47											
annotated_bowtie2_Male_AG_3	37498435	37498435	12835413	20208144	4454878	65.77											
annotated_bowtie2_Male_CR_1	15133571					63.15	15133571	5577276	5974883	3581412							
annotated_bowtie2_Male_CR_2	21180074	21180074	8502069	8843556	3834449	59.86											
annotated_bowtie2_Male_CR_3	20651676	20651676	7661450	8390534	4599692	62.9											
annotated_bowtie2_Male_EB_1	53484728	53484728	13267215	32022860	8194653	75.19											
annotated_bowtie2_Male_EB_2	24988526	24988526	7470346	13662404	3855776	70.1											
annotated_bowtie2_Male_TS_1	26854579					69.87	26854579	8092485	12863130	5898964							
annotated_bowtie2_Male_TS_2	31556027	31556027	6144194	18115116	7296717	80.53											
annotated_bowtie2_Male_TS_3	32925441	32925441	6256555	18613515	8055371	81.0											
hisat2_Female_C12_RT_1	20916726	20916726	1510681	18950064	455981	92.78											
hisat2_Female_C12_RT_2	30522119	30522119	2113569	27757089	651461	93.08											
hisat2_Female_C12_RT_3	30402734	30402734	1674420	27691973	1036341	94.49											
hisat2_Female_C3_RT_1	21451101	21451101	1360418	19317652	773031	93.66											
hisat2_Female_C3_RT_2	24462610	24462610	1503944	22134283	824383	93.85											
hisat2_Female_C3_RT_3	26378949	26378949	1674130	23802791	902028	93.65											
hisat2_Female_C6_H_1	54464553	54464553	2934040	49980239	1550274	94.61											
hisat2_Female_C6_H_2	21873455	21873455	1335521	19923023	614911	93.89											
hisat2_Female_C6_OV_1	53594142	53594142	1586420	51081131	926591	97.04											
hisat2_Female_C6_OV_2	49710455	49710455	1420024	47414719	875712	97.14											
hisat2_Female_C6_RT_1	32226306	32226306	2136048	28969765	1120493	93.37											
hisat2_Female_C6_RT_2	37738773	37738773	2384913	34121607	1232253	93.68											
hisat2_Female_C6_RT_3	23530034	23530034	1525108	21559446	445480	93.52											
hisat2_Female_H12_RT_1	48231474	48231474	2311820	44377411	1542243	95.21											
hisat2_Female_H12_RT_2	52789788	52789788	2470403	48577083	1742302	95.32											
hisat2_Female_H12_RT_3	49017871	49017871	2653324	44726912	1637635	94.59											
hisat2_Female_H3_RT_1	54429859	54429859	2838590	49652296	1938973	94.78											
hisat2_Female_H3_RT_2	27876750	27876750	1453603	25492506	930641	94.79											
hisat2_Female_H3_RT_3	49269623	49269623	2626118	44590986	2052519	94.67											
hisat2_Female_H6_H_1	21432357	21432357	1093467	19651288	687602	94.9											
hisat2_Female_H6_H_2	23079953	23079953	1116170	21208280	755503	95.16											
hisat2_Female_H6_OV_1	21835314	21835314	605324	20918641	311349	97.23											
hisat2_Female_H6_OV_2	22500204	22500204	607923	21474283	417998	97.3											
hisat2_Female_H6_RT_1	63461143	63461143	3219996	58143538	2097609	94.93											
hisat2_Female_H6_RT_2	66379329	66379329	3260895	60792812	2325622	95.09											
hisat2_Female_H6_RT_3	29679225	29679225	1420813	27178340	1080072	95.21											
hisat2_Female_V_CR_1	23575548	23575548	1113975	21372683	1088890	95.27											
hisat2_Female_V_CR_2	23450701	23450701	1022078	21205295	1223328	95.64											
hisat2_Female_V_H_1	29447787	29447787	1896743	26538720	1012324	93.56											
hisat2_Female_V_H_2	21852130	21852130	1412877	19806046	633207	93.53											
hisat2_Female_V_OV_1	22188237	22188237	619779	21144192	424266	97.21											
hisat2_Female_V_OV_2	22964123	22964123	691106	21869237	403780	96.99											
hisat2_Female_V_RT_1	42005413	42005413	2240230	38217982	1547201	94.67											
hisat2_Female_V_RT_2	36750845	36750845	1939777	33401801	1409267	94.72											
hisat2_Female_V_RT_3	51539988	51539988	2783255	46765656	1991077	94.6											
hisat2_Male_AG_1	16172581					89.36	16172581	3695207	11632735	844639	163907	3440208	3288217	334175	167087.5	1720104.0	1644108.5
hisat2_Male_AG_2	47155350	47155350	10406272	34413758	2335320	77.93											
hisat2_Male_AG_3	37498435	37498435	5105239	30893316	1499880	86.39											
hisat2_Male_CR_1	15133571					92.92	15133571	2469460	11647023	1017088	176597	2144012	2139741	301973	150986.5	1072006.0	1069870.5
hisat2_Male_CR_2	21180074	21180074	3041665	14738481	3399928	85.64											
hisat2_Male_CR_3	20651676	20651676	4233567	14832768	1585341	79.5											
hisat2_Male_EB_1	53484728	53484728	7044901	44183598	2256229	86.83											
hisat2_Male_EB_2	24988526	24988526	4814745	19565106	608675	80.73											
hisat2_Male_TS_1	26854579					93.61	26854579	3734602	22625759	494218	242785	3433389	3364646	185599	92799.5	1716694.5	1682323.0
hisat2_Male_TS_2	31556027	31556027	2042126	28655683	858218	93.53											
hisat2_Male_TS_3	32925441	32925441	2297650	29912303	715488	93.02											
